image: mapa2_lowupd_400itter_after_several_loops.pgm
resolution: 0.050000
origin: [-5.000000, -16.200000, 0.000000]
negate: 0
occupied_thresh: 0.65
free_thresh: 0.196

